幣別,匯率,現金,即期,遠期10天,遠期30天,遠期60天,遠期90天,遠期120天,遠期150天,遠期180天,匯率,現金,即期,遠期10天,遠期30天,遠期60天,遠期90天,遠期120天,遠期150天,遠期180天
USD,本行買入,30.31500,30.64000,30.64000,30.54000,30.46500,30.36500,30.25900,30.15000,30.05300,本行賣出,30.98500,30.79000,30.74800,30.67500,30.59500,30.50500,30.41100,30.30500,30.21700,
HKD,本行買入,3.78000,3.90100,3.90200,3.89300,3.88200,3.87000,3.85700,3.84400,3.83100,本行賣出,3.98400,3.97100,3.96300,3.95600,3.94500,3.93400,3.92200,3.91000,3.89800,
GBP,本行買入,35.86000,36.75500,36.85300,36.79800,36.71800,36.62600,36.51900,36.41100,36.30300,本行賣出,37.98000,37.38500,37.27000,37.25000,37.17100,37.08500,36.99100,36.89700,36.80300,
AUD,本行買入,20.25000,20.46500,20.44700,20.42200,20.38600,20.34800,20.30400,20.25500,20.20300,本行賣出,21.03000,20.81000,20.65400,20.64200,20.60700,20.57000,20.53300,20.49200,20.45400,
CAD,本行買入,22.10000,22.43000,22.42800,22.38500,22.33300,22.27400,22.20600,22.13700,22.06900,本行賣出,23.01000,22.76000,22.63400,22.60300,22.55200,22.49500,22.43400,22.37300,22.31200,
SGD,本行買入,22.14000,22.61000,22.67500,22.62600,22.56600,22.51100,22.45000,22.38800,22.32600,本行賣出,23.05000,22.83000,22.86500,22.83500,22.77900,22.72300,22.66800,22.61300,22.55700,
CHF,本行買入,32.09000,32.70000,32.86000,32.88000,32.89400,32.89800,32.89900,32.90000,32.90100,本行賣出,33.29000,33.09000,33.12500,33.17600,33.18500,33.19200,33.20300,33.21500,33.22600,
JPY,本行買入,0.22210,0.22890,0.22980,0.22990,0.23020,0.23030,0.23050,0.23070,0.23090,本行賣出,0.23490,0.23390,0.23390,0.23420,0.23450,0.23470,0.23500,0.23530,0.23560,
ZAR,本行買入,0.00000,1.75800,1.75500,1.74700,1.73700,1.72700,1.71700,1.70700,1.69800,本行賣出,0.00000,1.84800,1.83600,1.83000,1.82100,1.81200,1.80200,1.79300,1.78300,
SEK,本行買入,2.53000,2.86000,2.88900,2.88700,2.88300,2.88000,2.87500,2.86900,2.86400,本行賣出,3.05000,2.98000,2.99100,2.99300,2.99000,2.98500,2.98100,2.97700,2.97200,
NZD,本行買入,18.85000,19.18000,19.19200,19.15700,19.10800,19.05800,18.99000,18.92200,18.85500,本行賣出,19.70000,19.48000,19.39800,19.37400,19.32600,19.27800,19.21600,19.15500,19.09300,
THB,本行買入,0.75550,0.86490,0.00000,0.00000,0.00000,0.00000,0.00000,0.00000,0.00000,本行賣出,0.94550,0.91090,0.00000,0.00000,0.00000,0.00000,0.00000,0.00000,0.00000,
PHP,本行買入,0.48270,0.00000,0.00000,0.00000,0.00000,0.00000,0.00000,0.00000,0.00000,本行賣出,0.61570,0.00000,0.00000,0.00000,0.00000,0.00000,0.00000,0.00000,0.00000,
IDR,本行買入,0.00158,0.00000,0.00000,0.00000,0.00000,0.00000,0.00000,0.00000,0.00000,本行賣出,0.00228,0.00000,0.00000,0.00000,0.00000,0.00000,0.00000,0.00000,0.00000,
EUR,本行買入,31.80000,32.31500,32.42900,32.40600,32.39200,32.34900,32.29900,32.24900,32.19800,本行賣出,33.14000,32.91500,32.84000,32.83900,32.81500,32.76500,32.71700,32.66900,32.62000,
KRW,本行買入,0.02225,0.00000,0.00000,0.00000,0.00000,0.00000,0.00000,0.00000,0.00000,本行賣出,0.02615,0.00000,0.00000,0.00000,0.00000,0.00000,0.00000,0.00000,0.00000,
VND,本行買入,0.00106,0.00000,0.00000,0.00000,0.00000,0.00000,0.00000,0.00000,0.00000,本行賣出,0.00147,0.00000,0.00000,0.00000,0.00000,0.00000,0.00000,0.00000,0.00000,
MYR,本行買入,5.93000,0.00000,0.00000,0.00000,0.00000,0.00000,0.00000,0.00000,0.00000,本行賣出,7.41000,0.00000,0.00000,0.00000,0.00000,0.00000,0.00000,0.00000,0.00000,
CNY,本行買入,4.29000,4.35700,4.36400,4.36010,4.35910,4.35410,4.34830,4.34260,4.33670,本行賣出,4.45200,4.41700,4.41530,4.41380,4.41170,4.40750,4.40420,4.40080,4.39740,
